	word	frequency
0	asserted	66904
1	power	19430
2	system	18863
3	memory	17160
4	drive	15375
5	initiated	14748
6	deasserted	13661
7	processor	12354
8	boot	12189
9	state	11495
10	ecc	10366
11	slot	8724
12	going	8108
13	reading	8106
14	detected	7866
15	temperature	7745
16	acpi	7653
17	present	7441
18	threshold	7392
19	presence	7342
20	c	7174
21	degrees	7171
22	by	6956
23	correctable	6882
24	acpi_pwr_status	6201
25	bios_boot_up	5449
26	critical	5042
27	upper	5038
28	high	5038
29	device	5027
30	uncorrectable	4611
31	bay	4610
32	gt	4577
33	supply	4435
34	cpu0_status	4333
35	error	4293
36	up	4100
37	configuration	3958
38	os	3834
39	unknown	3567
40	cpu1_status	3496
41	s0g0	3490
42	working	3490
43	noncritical	3381
44	cpu_caterr	3360
45	softoff	3276
46	s4s5	3260
47	low	3072
48	lower	3070
49	reset	2985
50	lt	2815
51	event	2755
52	ierr	2687
53	cpu0	2624
54	status	2540
55	warm	2501
56	disabled	2499
57	0xe2	2394
58	0	2337
59	unit	2301
60	85	2251
61	not	2183
62	completed	2161
63	specified	2157
64	sync	1929
65	timestamp	1928
66	clock	1928
67	microcontroller	1857
68	transition	1748
69	to	1748
70	84	1707
71	running	1620
72	0xe0	1523
73	0x16	1481
74	0xf9	1423
75	ps1_status	1413
76	restart	1341
77	1	1339
78	ps2_status	1310
79	0xe9	1242
80	management	1203
81	health	1172
82	enabled	1152
83	dimmg1_temp	1140
84	ac	1115
85	dimmg0_temp	1102
86	microcontrollercoprocessor	1099
87	cpu1_margin_temp	1065
88	offdown	1061
89	bmc_boot_up	1051
90	logging	1045
91	unavailable	1040
92	machine	1037
93	check	1037
94	exception	1022
95	button	1012
96	0x10	1010
97	pwr	1009
98	or	953
99	sensor	951
100	access	951
101	degraded	951
102	0x17	944
103	temp_dimm_klm	936
104	cpu0_margin_temp	933
105	system_health	926
106	temp_dimm_def	912
107	lost	900
108	mcerr	889
109	caterr	874
110	subsys	839
111	failure	833
112	fault	832
113	0xff	762
114	oem	753
115	margin	672
116	log	663
117	sel_status	629
118	graceful	565
119	shutdown	565
120	legacy	551
121	area	535
122	resetcleared	535
123	record	528
124	cpu0a0_dimm_stat	521
125	link	519
126	down	519
127	is	519
128	chassis_control	513
129	2	493
130	cpu0_temp	490
131	hard	482
132	cpu0b0_dimm_stat	479
133	button_pressed	465
134	cpu0d0_dimm_stat	462
135	cpu1b0_dimm_stat	458
136	cpu1e0_dimm_stat	458
137	cpu0e0_dimm_stat	442
138	cpu1a0_dimm_stat	435
139	connector	420
140	cpu1d0_dimm_stat	411
141	100	407
142	off	403
143	fan	402
144	limit	379
145	reached	378
146	0x87	376
147	dimm020	358
148	dimm000	357
149	slotconnector	356
150	0xc5	347
151	watchdog	341
152	dimm030	339
153	dimm010	332
154	pressed	326
155	dimm100	311
156	0x3b	310
157	cycle	309
158	memory_status	309
159	dimm130	306
160	dimm110	303
161	stopshutdown	299
162	cpu1	295
163	dimm120	295
164	port1	294
165	change	288
166	watchdog2	283
167	on	281
168	subsystem	267
169	stop	266
170	cpu0c0_dimm_stat	260
171	105	255
172	outofrange	253
173	ef	253
174	but	251
175	0x7d	250
176	sysrestart	245
177	86	241
178	hardware	230
179	0xfa	226
180	cpu1c0_dimm_stat	222
181	rpm	220
182	ipmi	220
183	dimm011	219
184	interrupt	213
185	dimm001	213
186	disk8	213
187	cpu0f0_dimm_stat	212
188	cpu2	209
189	cpu1f0_dimm_stat	208
190	dimm101	201
191	95	200
192	dimm111	197
193	8	194
194	temp	192
195	ipmi_watchdog	183
196	port2	179
197	dimm	177
198	0xb8	177
199	000000	166
200	predictive	164
201	bus	155
202	98	151
203	dimm021	147
204	nonrecoverable	145
205	version	144
206	pcie_status	143
207	125	143
208	controller	138
209	cpu1_temp	138
210	cpu	136
211	126	131
212	dimm031	128
213	full	128
214	53	126
215	almost	125
216	51	124
217	118	121
218	0x7c	121
219	102	120
220	thermal	119
221	57	116
222	0x19	116
223	117	115
224	93	115
225	58	113
226	0x80	112
227	121	111
228	110	110
229	card	108
230	97	108
231	101	108
232	109	107
233	dimm121	107
234	106	106
235	96	106
236	94	106
237	88	105
238	54	105
239	psu0_supply	104
240	62	104
241	81	101
242	114	101
243	66	100
244	82	99
245	61	99
246	dimm131	99
247	65	98
248	c1	97
249	cpu1a1_dimm_stat	94
250	psu1_supply	94
251	122	94
252	0x8b	94
253	74	94
254	cpu0a1_dimm_stat	93
255	001c4c	93
256	c3	93
257	78	92
258	70	91
259	disk10	88
260	disk9	88
261	bmc	88
262	113	88
263	undetermined	86
264	mem_chd0_status	86
265	73	86
266	69	86
267	addin	85
268	absent	85
269	0x8f	84
270	identify	83
271	91	83
272	0xe4	82
273	redundancy	82
274	124	81
275	127	81
276	cpu0d1_dimm_stat	80
277	cpu0e1_dimm_stat	80
278	92	80
279	informational	79
280	ib_card_stat	79
281	cpu0b1_dimm_stat	78
282	mem_che0_status	78
283	4	78
284	cpu1d1_dimm_stat	77
285	mem_chg0_status	77
286	120	77
287	0xe1	76
288	notice	76
289	77	75
290	0600c0a80101	73
291	108	73
292	0x8c	73
293	104	73
294	116	73
295	powerlimiting	72
296	trip	71
297	pcie	70
298	mem_chb0_status	70
299	0203c0a80101	70
300	mem_chh0_status	69
301	0xfe	69
302	32	68
303	28	68
304	fatal	67
305	ps2	67
306	90	67
307	20	67
308	24	66
309	cpu1e1_dimm_stat	65
310	rebuild	64
311	ps1	63
312	112	62
313	89	61
314	chassis	60
315	0x48	60
316	16	60
317	cpu1b1_dimm_stat	59
318	12	59
319	ps4_status	59
320	hdd74	59
321	0x4b	57
322	in	57
323	hdd52	57
324	0x54	56
325	0x4e	56
326	0x5a	56
327	mem_chc0_status	56
328	fpga_pg	56
329	0x57	55
330	mem_chf0_status	55
331	0x04	55
332	ps3_status	55
333	hdd8	55
334	disk11	54
335	480	54
336	mem_cha0_status	53
337	disk0	53
338	hdd19	53
339	0x51	52
340	0x5e	52
341	cpu2_status	52
342	fw	52
343	49	52
344	hdd23	51
345	hdd26	51
346	hdd25	51
347	hdd7	51
348	hdd12	51
349	hdd0	51
350	hdd13	51
351	hdd10	51
352	hdd51	51
353	hdd38	51
354	hdd62	51
355	hdd5	50
356	disk2	49
357	cpu3_status	49
358	hdd3	49
359	mb_ssd0	49
360	87	49
361	0x41	48
362	83	48
363	hdd22	48
364	sta	48
365	0x15	47
366	0xc1	47
367	hdd2	47
368	hdd24	47
369	hdd14	47
370	hdd16	47
371	hdd18	47
372	hdd6	47
373	hdd11	47
374	hdd27	47
375	hdd20	47
376	hdd1	47
377	hdd21	47
378	hdd17	47
379	hdd4	47
380	hdd15	47
381	hdd9	47
382	hdd63	47
383	hdd34	47
384	hdd48	47
385	hdd46	47
386	hdd75	47
387	hdd29	47
388	hdd59	47
389	hdd32	47
390	hdd58	47
391	hdd40	47
392	hdd45	47
393	disk6	46
394	psu	46
395	0x13	45
396	hdd54	45
397	hdd37	45
398	power_drop	44
399	0x0f	44
400	acpi_pwr_statustota	44
401	hdd65	44
402	hdd57	44
403	cpu_core_error	44
404	lan	43
405	link_up	43
406	hdd61	43
407	hdd70	43
408	hdd72	43
409	hdd42	43
410	hdd44	43
411	hdd69	43
412	hdd43	43
413	hdd50	43
414	hdd73	43
415	hdd60	43
416	hdd33	43
417	hdd47	43
418	hdd67	43
419	hdd39	43
420	hdd28	43
421	hdd68	43
422	hdd71	43
423	hdd66	43
424	hdd64	43
425	hdd49	43
426	hdd56	43
427	hdd53	43
428	hdd30	43
429	hdd41	43
430	hdd31	43
431	hdd55	43
432	hdd35	43
433	50	43
434	time_stamp_sync	42
435	disk4	42
436	disk5	42
437	46	42
438	fan5_rpm	41
439	0x1e	41
440	system_restart	41
441	52	41
442	0x07	40
443	0x1f	40
444	disk7	40
445	os_boot	40
446	36	40
447	dimm4a	39
448	fan6_rpm	39
449	fan1_rpm	39
450	0x1c	39
451	nvme1_status	39
452	ps0_status	39
453	72	39
454	45	39
455	hdd36	39
456	hdd_r_3_status	38
457	fan4_rpm	38
458	fan3_rpm	38
459	terminator	38
460	lcd	38
461	disk3	38
462	disk1	38
463	0x20	38
464	0x22	38
465	0x44	38
466	0x1a	38
467	0x42	38
468	0x43	38
469	c2	38
470	fan2_rpm	37
471	cpu_pg	37
472	44	37
473	hdd_r_5_status	36
474	hdd_l_2_status	36
475	progress	36
476	fan7_rpm	36
477	fan8_rpm	36
478	psu1_status	36
479	cpu0f1_dimm_stat	35
480	aa1700072286108081c0010020	35
481	hdd_r_4_status	34
482	0x18	34
483	os_status	34
484	99	34
485	56	34
486	spare	33
487	moc_fpga_temp	33
488	47	33
489	nvmessd_0	33
490	psu0_status	33
491	hdd_l_5_status	32
492	raid	32
493	nvmessd_2	32
494	nvmessd_3	32
495	aborted	32
496	hot	32
497	0x25	31
498	power_status	31
499	40	31
500	sys_event	31
501	cpu0c1_dimm_stat	30
502	hdd_l_3_status	30
503	hdd_l_1_status	30
504	eth1	30
505	nvmessd_1	30
506	cpu1c1_dimm_stat	29
507	0x1b	29
508	uid	29
509	31	29
510	80	29
511	hdd_l_8_status	28
512	hdd_l_7_status	28
513	37	28
514	dimm2a	27
515	39	27
516	firmwares	27
517	42	27
518	nvmessd_4	27
519	nvmessd_5	27
520	hdd_l_14_status	26
521	hdd_l_17_status	26
522	hdd_r_11_status	26
523	hdd_l_4_status	26
524	3	26
525	d0	26
526	dimm1a	25
527	mem_chc1_status	25
528	nvmessd_6	25
529	nvmessd_7	25
530	hdd_r_1_status	24
531	dimm3a	24
532	hdd_r_6_status	24
533	hdd_r_10_status	24
534	proc_hot	24
535	cpu1f1_dimm_stat	24
536	melx	24
537	0x81	24
538	cpu0_proc_hot	23
539	reserved	23
540	34	23
541	128	23
542	mngmnt	23
543	0x9e	23
544	sps	23
545	hdd_l_18_status	22
546	hdd_l_13_status	22
547	hdd_l_9_status	22
548	hdd_r_2_status	22
549	hdd_r_12_status	22
550	sel	22
551	mem_chb1_status	22
552	mem_chd1_status	22
553	nmidiag	22
554	firmware	22
555	disk16_stat	22
556	disk5_stat	22
557	123	22
558	disk13_stat	21
559	48	21
560	41	21
561	60	21
562	cpu1_c3d0	21
563	hdd_r_18_status	20
564	hdd_r_15_status	20
565	hdd_r_14_status	20
566	hdd_r_23_status	20
567	hdd_l_11_status	20
568	hdd_l_10_status	20
569	hdd_r_25_status	20
570	hdd_l_28_status	20
571	throttled	20
572	disk25_stat	20
573	power_limiting	20
574	aa170007228610e007c0000020	20
575	me_fw_status	19
576	block	19
577	list	19
578	can	19
579	do	19
580	this	19
581	action	19
582	disk10_stat	19
583	disk12_stat	19
584	disk6_stat	19
585	disk1_stat	19
586	disk14_stat	19
587	55	19
588	dimmg2_temp	19
589	dimmg3_temp	19
590	c0	19
591	cpu0_c1d0	19
592	hdd_r_17_status	18
593	hdd_r_8_status	18
594	hdd_l_30_status	18
595	hdd_l_19_status	18
596	hdd_r_7_status	18
597	hdd_l_6_status	18
598	hdd_r_29_status	18
599	hdd_r_9_status	18
600	hdd_r_19_status	18
601	mem_cha1_status	18
602	timer	18
603	nmi	18
604	disk17_stat	18
605	disk18_stat	18
606	0x82	18
607	76	18
608	dimm030_stat	17
609	hdd_r_20_status	17
610	hdd_l_21_status	17
611	hdd_l_16_status	17
612	mem_chg1_status	17
613	64	17
614	mem_che1_status	17
615	disk8_stat	17
616	disk24_stat	17
617	disk15_stat	17
618	disk2_stat	17
619	disk3_stat	17
620	disk4_stat	17
621	43	17
622	0x90	17
623	cpu1_c1d1	17
624	riser2	17
625	hdd_r_28_status	16
626	hdd_l_24_status	16
627	hdd_l_15_status	16
628	hdd_r_30_status	16
629	hdd_r_16_status	16
630	hdd_r_26_status	16
631	hdd_l_25_status	16
632	hdd_r_13_status	16
633	hdd_l_12_status	16
634	s5g2	16
635	mem_chh1_status	16
636	fan6_f_rpm	16
637	mem_chf1_status	16
638	fp	16
639	diag	16
640	int	16
641	disk32_stat	16
642	disk26_stat	16
643	disk29_stat	16
644	hdd77	16
645	cpu0_c4d0	16
646	physical	15
647	security	15
648	areaintrusion	15
649	general	15
650	intrusion	15
651	0xec	15
652	disk20_stat	15
653	disk30_stat	15
654	disk27_stat	15
655	disk28_stat	15
656	251	15
657	0x70	15
658	0x71	15
659	performance	15
660	met	15
661	0x96	15
662	cpu0_c0d0	15
663	cpu0_c5d0	15
664	aa170007228610c007c0000020	15
665	hdd_l_22_status	14
666	hdd_l_23_status	14
667	hdd_r_24_status	14
668	0x74	14
669	0x88	14
670	disk11_stat	14
671	disk33_stat	14
672	disk7_stat	14
673	disk21_stat	14
674	disk9_stat	14
675	me_status	14
676	cpu1_proc_hot	14
677	fully	14
678	redundant	14
679	prochot	14
680	119	14
681	cpu1_c4d0	14
682	0x06	13
683	0x66	13
684	expired	13
685	disk19_stat	13
686	disk22_stat	13
687	disk23_stat	13
688	disk35_stat	13
689	disk34_stat	13
690	disk41_stat	13
691	front1_8_status	13
692	rear2_7_status	13
693	460ps1_dc_status	13
694	26	13
695	71	13
696	25	13
697	dc	12
698	000137	12
699	hdd_r_21_status	12
700	hdd_l_27_status	12
701	hdd_r_27_status	12
702	4800	12
703	d3	12
704	disk53_stat	12
705	10	12
706	eth2	12
707	0xc6	12
708	68	12
709	aa170007218060b3646c000000	12
710	aa17000720900001014000008c	12
711	unrecoverable	11
712	ide	11
713	cpu1_vr_temp	11
714	disk37_stat	11
715	front1_1_status	11
716	front2_1_status	11
717	front1_7_status	11
718	rear2_4_status	11
719	rear2_0_status	11
720	460ps2_dc_status	11
721	103	11
722	59	11
723	bp2_hdd13_status	11
724	bp4_hdd14_status	11
725	0x92	11
726	cpu1_c0d0	11
727	cpu0_c3d0	11
728	cpu0_c2d0	11
729	cpu1_c2d0	11
730	dimm150_status	11
731	hdd_l_29_status	10
732	hdd_r_22_status	10
733	0x6b	10
734	config	10
735	9	10
736	0x67	10
737	disk40_stat	10
738	disk42_stat	10
739	disk45_stat	10
740	disk36_stat	10
741	30	10
742	29	10
743	fpga	10
744	dimm1	10
745	cpu1_c5d0	10
746	dimm050_stat	9
747	dimm010_stat	9
748	5	9
749	disk50_stat	9
750	disk39_stat	9
751	disk38_stat	9
752	disk49_stat	9
753	dimm060_status	9
754	252	9
755	rear2_5_status	9
756	rear2_8_status	9
757	front2_2_status	9
758	front1_2_status	9
759	rear2_9_status	9
760	rear2_11_status	9
761	front2_7_status	9
762	front2_9_status	9
763	front1_5_status	9
764	front2_4_status	9
765	front1_0_status	9
766	front1_3_status	9
767	rear2_2_status	9
768	front1_4_status	9
769	front1_10_status	9
770	front2_3_status	9
771	front2_6_status	9
772	front1_9_status	9
773	front2_0_status	9
774	front1_6_status	9
775	front2_10_status	9
776	rear2_6_status	9
777	front2_5_status	9
778	rear2_3_status	9
779	rear2_1_status	9
780	front2_11_status	9
781	front2_8_status	9
782	front1_11_status	9
783	rear2_10_status	9
784	media	9
785	info	9
786	0x98	9
787	0x84	9
788	aa1700072286082090c0010800	9
789	4000	9
790	pwrok	9
791	sig	9
792	drop	9
793	time	9
794	hopping	9
795	dimm000_stat	8
796	dimm120_stat	8
797	hdd_l_20_status	8
798	hdd_l_26_status	8
799	cpu0_dts_temp	8
800	moc_cpu_temp	8
801	cpu_pgs	8
802	disk52_stat	8
803	disk51_stat	8
804	disk54_stat	8
805	dimm030_status	8
806	cpu0_memory_hot	8
807	overtemperature	8
808	dimm110_stat	8
809	dimm130_status	8
810	mb_ssd1	8
811	hdd76	8
812	offline	8
813	rear_hdd_temp	8
814	115	8
815	111	8
816	0x97	8
817	0x02	8
818	cpu0_c5d1	8
819	aa1700072286106081c0010020	8
820	4100	8
821	3800	8
822	5200	8
823	1900	8
824	1700	8
825	dimm040_stat	7
826	7	7
827	fan5_f_rpm	7
828	0x30	7
829	eventlog	7
830	disk47_stat	7
831	disk31_stat	7
832	disk55_stat	7
833	disk43_stat	7
834	disk48_stat	7
835	disk46_stat	7
836	disk44_stat	7
837	post	7
838	254	7
839	460ps1_ac_status	7
840	aa1700040000048000000000be	7
841	aa1700030000048000000000be	7
842	removable	7
843	found	7
844	0x86	7
845	aa170007228610c007c1020020	7
846	4700	7
847	dimm000_status	7
848	dimm140_stat	6
849	dimm020_stat	6
850	cableinterconnect	6
851	pci	6
852	serr	6
853	0x89	6
854	0xf5	6
855	disk58_stat	6
856	disk60_stat	6
857	253	6
858	460ps2_ac_status	6
859	fan10_rpm	6
860	fan9_rpm	6
861	dimm0	6
862	r1_rt_cable_12	6
863	r2_rt_cable_34	6
864	r1_rt_cable_34	6
865	2000024c0200	6
866	r3_u_rt_cable_34	6
867	r3_d_rt_cable_34	6
868	0102c0a8000a	6
869	00000c000a11	6
870	bp2_hdd5_status	6
871	aa170007228610e081c0010020	6
872	aa170007228610e027c1020020	6
873	0xef	6
874	cpu1_c1d0	6
875	cpu1_c2d1	6
876	session	5
877	audit	5
878	dimm130_stat	5
879	dimm100_stat	5
880	11	5
881	disk59_stat	5
882	disk56_stat	5
883	disk57_stat	5
884	dimm050_status	5
885	0x8a	5
886	35	5
887	dimm070_status	5
888	0x83	5
889	aa17000401b0e8736d00000000	5
890	aa17000302b0e8736d00000000	5
891	aa17000301b0e8736d00000000	5
892	aa17000402b0e8736d00000000	5
893	0xe3	5
894	0xa1	5
895	000010003401	5
896	r2_rt_cable_12	5
897	r3_d_rt_cable_12	5
898	r3_u_rt_cable_12	5
899	0202c0a8000a	5
900	19	5
901	fail	5
902	200002a80200	5
903	bp3_hdd24_status	5
904	bp2_hdd18_status	5
905	bp1_hdd7_status	5
906	bp3_hdd28_status	5
907	bp2_hdd14_status	5
908	bp1_hdd13_status	5
909	bp1_hdd10_status	5
910	bp1_hdd27_status	5
911	bp2_hdd2_status	5
912	bp2_hdd17_status	5
913	bp1_hdd28_status	5
914	0x9a	5
915	0x94	5
916	0x99	5
917	cpu0_c3d1	5
918	aa170007228610c027c1020020	5
919	riser1	5
920	cpu1_c3d1	5
921	cpu0_c4d1	5
922	dimm020_status	5
923	dimm100_status	5
924	dimm110_status	5
925	dimm150_stat	4
926	power_timeout	4
927	dimm2b	4
928	0x21	4
929	3072	4
930	cpu0_vr_temp	4
931	mem_ab_hot	4
932	0xfd	4
933	oem_ps2_temp	4
934	dimm170_status	4
935	cpu0a0_dimm_temp	4
936	cpu0b0_dimm_temp	4
937	dimm120_status	4
938	fan11_rpm	4
939	fan12_rpm	4
940	buttonmm	4
941	ev	4
942	aa170001028600000000000000	4
943	0xc8	4
944	aa170001128600000000000000	4
945	0x7e	4
946	cpu_dimm_hot	4
947	node_pdb_temp	4
948	107	4
949	27	4
950	38	4
951	000010005111	4
952	79	4
953	bp2_hdd11_status	4
954	cable	4
955	interconnect	4
956	ps_redundant	4
957	67	4
958	aa170009000a110c00000020fe	4
959	moc_dimm1_temp	4
960	moc_dimm0_temp	4
961	no	4
962	inlet_temp	4
963	5700	4
964	3700	4
965	9600	4
966	7800	4
967	7900	4
968	9500	4
969	192	4
970	cpu1_c5d1	4
971	cpu0_c2d1	4
972	cpu0_c0d1	4
973	cpu1_c0d1	4
974	cpu0_c1d1	4
975	cpu1_c4d1	4
976	dimm010_status	4
977	failed	4
978	0x3f	4
979	0x75	4
980	chip	4
981	set	4
982	pch	4
983	specific	3
984	256	3
985	fan3_f_rpm	3
986	fan1_f_rpm	3
987	fan6_r_rpm	3
988	fan7_f_rpm	3
989	fan8_f_rpm	3
990	fan2_r_rpm	3
991	fan7_r_rpm	3
992	fan1_r_rpm	3
993	fan4_r_rpm	3
994	fan5_r_rpm	3
995	fan3_r_rpm	3
996	fan4_f_rpm	3
997	fan2_f_rpm	3
998	fan8_r_rpm	3
999	6000	3
1000	0x85	3
1001	0xe6	3
1002	nvme1_stat	3
1003	nvme2_stat	3
1004	dimm140_status	3
1005	frb2hang	3
1006	245	3
1007	cpu0_a1	3
1008	cpu0_a0	3
1009	246	3
1010	249	3
1011	parity	3
1012	aa1700010034011000000080bd	3
1013	hdd	3
1014	0xa7	3
1015	301c08000000	3
1016	301c10000000	3
1017	301c20000000	3
1018	000020000f0e	3
1019	000000007401	3
1020	000010007911	3
1021	bp1_hdd5_status	3
1022	bp3_hdd25_status	3
1023	bp1_hdd4_status	3
1024	bp2_hdd9_status	3
1025	bp4_hdd16_status	3
1026	bp1_hdd6_status	3
1027	bp2_hdd15_status	3
1028	bp3_hdd2_status	3
1029	bp4_hdd1_status	3
1030	bp4_hdd8_status	3
1031	bp4_hdd7_status	3
1032	bp3_hdd12_status	3
1033	bp4_hdd12_status	3
1034	bp3_hdd4_status	3
1035	bp3_hdd14_status	3
1036	bp1_hdd24_status	3
1037	bp4_hdd2_status	3
1038	bp1_hdd3_status	3
1039	bp2_hdd20_status	3
1040	bp4_hdd15_status	3
1041	bp1_hdd14_status	3
1042	bp1_hdd12_status	3
1043	bp1_hdd9_status	3
1044	bp3_hdd3_status	3
1045	bp2_hdd12_status	3
1046	bp3_hdd7_status	3
1047	bp3_hdd10_status	3
1048	bp4_hdd13_status	3
1049	bp2_hdd3_status	3
1050	bp2_hdd7_status	3
1051	bp3_hdd26_status	3
1052	bp4_hdd10_status	3
1053	0x40	3
1054	bp1_hdd11_status	3
1055	bp2_hdd4_status	3
1056	bp1_hdd1_status	3
1057	bp2_hdd16_status	3
1058	bp2_hdd6_status	3
1059	bp1_hdd8_status	3
1060	bp3_hdd1_status	3
1061	bp3_hdd8_status	3
1062	bp1_hdd26_status	3
1063	bp2_hdd1_status	3
1064	bp2_hdd10_status	3
1065	bp4_hdd6_status	3
1066	bp1_hdd2_status	3
1067	bp4_hdd5_status	3
1068	bp3_hdd6_status	3
1069	bp3_hdd11_status	3
1070	bp2_hdd19_status	3
1071	bp4_hdd9_status	3
1072	bp2_hdd8_status	3
1073	bp3_hdd27_status	3
1074	bp4_hdd3_status	3
1075	bp3_hdd9_status	3
1076	bp1_hdd23_status	3
1077	bp1_hdd25_status	3
1078	bp3_hdd23_status	3
1079	bp4_hdd11_status	3
1080	bp3_hdd13_status	3
1081	bp4_hdd4_status	3
1082	bp3_hdd5_status	3
1083	0x93	3
1084	fan_4	3
1085	aa17000901c031c4fd00000000	3
1086	3900	3
1087	dimm001_status	3
1088	op	3
1089	array	3
1090	dimm101_status	3
1091	6	2
1092	2816	2
1093	2944	2
1094	3360	2
1095	2880	2
1096	4560	2
1097	1680	2
1098	oem_ps1_temp	2
1099	bios_poststatus	2
1100	power_drop_stat	2
1101	dimm160_status	2
1102	please	2
1103	contact	2
1104	designer	2
1105	cpu0_h1	2
1106	cpu1e0_dimm_temp	2
1107	cpu0e0_dimm_temp	2
1108	cpu1e1_dimm_temp	2
1109	cpu0e1_dimm_temp	2
1110	max_tsb_temp	2
1111	aa170001010040dae30b0006ff	2
1112	aa17000700920001014000008c	2
1113	aa1700070100f871a81f000000	2
1114	aa1700011034011000000080bd	2
1115	aa170001110000034024000000	2
1116	aa170001118000004024000000	2
1117	aa1700011034011000000080ff	2
1118	20fa	2
1119	20f9	2
1120	0x91	2
1121	0xa6	2
1122	bios	2
1123	301c18000000	2
1124	front	2
1125	panel	2
1126	request	2
1127	unspecified	2
1128	0010af001222	2
1129	0010af001122	2
1130	868020200051	2
1131	868020200026	2
1132	868020200024	2
1133	868020200005	2
1134	000040000704	2
1135	b51097971421	2
1136	75	2
1137	00000f000500	2
1138	bp1_hdd16_status	2
1139	bp2_hdd25_status	2
1140	0x95	2
1141	0202c0a8006f	2
1142	2000025d0200	2
1143	fru	2
1144	mb	2
1145	battery	2
1146	0x5d	2
1147	fan_0	2
1148	fan_2	2
1149	fan_6	2
1150	aa1700030000048000000000fe	2
1151	aa170003015eb0507600000000	2
1152	aa17000b000a110c00000020fe	2
1153	aa170003025eb0507600000000	2
1154	aa1702000002ffffe802000000	2
1155	aa17020000020fffe802000000	2
1156	6100	2
1157	5800	2
1158	5000	2
1159	4900	2
1160	000010003511	2
1161	0xa8	2
1162	199	2
1163	fpga1_temp	2
1164	fan3_0_rpm	2
1165	864	2
1166	nvme10_temp	2
1167	bootable	2
1168	0x79	2
1169	0x03	2
1170	0080dea76000	1
1171	0x1d	1
1172	0x26	1
1173	bmc_b	1
1174	2280	1
1175	3960	1
1176	2160	1
1177	3720	1
1178	2040	1
1179	1560	1
1180	2640	1
1181	2400	1
1182	diagnostic	1
1183	power_button	1
1184	dimme	1
1185	bios_boo	1
1186	dimma	1
1187	nic1_temp	1
1188	0xbe	1
1189	ocp_card_stat	1
1190	pcie_card1_stat	1
1191	pcie_card2_stat	1
1192	m2_card_stat	1
1193	cpu0_c0	1
1194	cpu0_g0	1
1195	cpu0_c1	1
1196	cpu1_h0	1
1197	cpu0_f0	1
1198	cpu1_c0	1
1199	cpu1_h1	1
1200	cpu0f0_dimm_temp	1
1201	cpu1f1_dimm_temp	1
1202	cpu1f0_dimm_temp	1
1203	cpu0f1_dimm_temp	1
1204	cpu1_b1	1
1205	8760	1
1206	3600	1
1207	cpu0b0_dim	1
1208	fullness	1
1209	0x0c	1
1210	0xc3	1
1211	5ba	1
1212	aa170102000000000000000000	1
1213	5bb	1
1214	aa170103000000000000000000	1
1215	5b8	1
1216	aa170100000020030024000000	1
1217	5bc	1
1218	aa170104000000004800000000	1
1219	5b9	1
1220	aa170101000040000000200000	1
1221	a28	1
1222	a29	1
1223	a26	1
1224	a25	1
1225	a2a	1
1226	a24	1
1227	psu2_status	1
1228	subsystem_health	1
1229	event_log	1
1230	15	1
1231	e	1
1232	17	1
1233	14	1
1234	f	1
1235	13	1
1236	aa170001010068d9e30b0006ff	1
1237	2a	1
1238	1347	1
1239	aa17001220c2000800400e00cc	1
1240	1348	1
1241	aa17001221c023e73246000000	1
1242	1349	1
1243	aa170012228600000000000009	1
1244	fe	1
1245	fc	1
1246	aa170007028610e017c0000820	1
1247	fa	1
1248	ff	1
1249	aa170007028610c090c0010820	1
1250	fb	1
1251	c49	1
1252	c48	1
1253	c47	1
1254	c3f	1
1255	c40	1
1256	c4b	1
1257	c4a	1
1258	c44	1
1259	c41	1
1260	c42	1
1261	c46	1
1262	c43	1
1263	aa17000711c0203f9444000000	1
1264	aa17000710920001014000008c	1
1265	aa170007128610e092c0010820	1
1266	aa170001010000000000000000	1
1267	aa1700010034011000000080fb	1
1268	20fb	1
1269	e9	1
1270	07026740236f0f0000000f00c0	1
1271	e1	1
1272	030967400f6f01000000010000	1
1273	f1	1
1274	03007f68010100000000000080	1
1275	dimmd	1
1276	301408000000	1
1277	312508000000	1
1278	301508000000	1
1279	301c28000000	1
1280	8680006f51ff	1
1281	301c38000000	1
1282	rejected	1
1283	api	1
1284	requests	1
1285	approach	1
1286	301c00000000	1
1287	301360000000	1
1288	301c60000000	1
1289	301460000000	1
1290	0102c0a8000f	1
1291	301560000000	1
1292	301c40000000	1
1293	000022007a01	1
1294	000023000f0e	1
1295	000001001400	1
1296	000000008401	1
1297	000008008901	1
1298	33	1
1299	63	1
1300	0202c0a80077	1
1301	000080000004	1
1302	312569000000	1
1303	22	1
1304	cpu1_memory_hot	1
1305	b51064870e21	1
1306	b51097971821	1
1307	23	1
1308	0202c0a8006e	1
1309	0202c0a80008	1
1310	0102c0a80008	1
1311	0202c0a80064	1
1312	0x7a	1
1313	0102c0a8006f	1
1314	dis	1
1315	cpu1_c1	1
1316	0xe5	1
1317	cpu0_e0	1
1318	cpu0_b1	1
1319	0xcd	1
1320	608	1
1321	60e	1
1322	60a	1
1323	609	1
1324	60c	1
1325	60d	1
1326	20f6	1
1327	aa170003020a99be7700000000	1
1328	20fe	1
1329	aa170009028600c80826702000	1
1330	2124	1
1331	2102	1
1332	aa17000b028600c000a6702000	1
1333	2105	1
1334	2119	1
1335	aa1700030135c9a87700000000	1
1336	20f5	1
1337	aa170003010a99be7700000000	1
1338	2116	1
1339	aa17000b028620c000a6fa2000	1
1340	20d9	1
1341	20de	1
1342	2121	1
1343	20f8	1
1344	20fd	1
1345	211e	1
1346	aa170004025eb0507600000000	1
1347	2115	1
1348	aa17000b01000048a400000000	1
1349	2122	1
1350	aa170009028600c000a6722000	1
1351	2114	1
1352	2112	1
1353	aa170009028620c000a6fa2000	1
1354	2118	1
1355	210e	1
1356	aa170009028600c00026702000	1
1357	20dc	1
1358	aa170004010a99be7700000000	1
1359	2108	1
1360	2110	1
1361	2126	1
1362	211d	1
1363	aa170004015eb0507600000000	1
1364	2109	1
1365	aa1700040135c9a87700000000	1
1366	2104	1
1367	210c	1
1368	210d	1
1369	2100	1
1370	211a	1
1371	aa1700030235c9a87700000000	1
1372	210a	1
1373	aa1700040235c9a87700000000	1
1374	2101	1
1375	aa17000b018004affd00000000	1
1376	2125	1
1377	2120	1
1378	20f4	1
1379	20da	1
1380	20d8	1
1381	2111	1
1382	aa17000901000080a800000000	1
1383	aa170004020a99be7700000000	1
1384	211c	1
1385	aa1700040000048000000000fe	1
1386	20fc	1
1387	20dd	1
1388	2106	1
1389	0xc7	1
1390	0xc9	1
1391	f69	1
1392	f20	1
1393	f9d	1
1394	f14	1
1395	ed2	1
1396	f19	1
1397	f5d	1
1398	efc	1
1399	f9e	1
1400	ebb	1
1401	eba	1
1402	ebd	1
1403	ecd	1
1404	ec7	1
1405	fb8	1
1406	f09	1
1407	f38	1
1408	f5b	1
1409	f64	1
1410	f4c	1
1411	f92	1
1412	f6d	1
1413	f0d	1
1414	ec8	1
1415	f2d	1
1416	f55	1
1417	ebe	1
1418	f3e	1
1419	f4b	1
1420	f63	1
1421	f42	1
1422	f12	1
1423	fa1	1
1424	f3a	1
1425	f1d	1
1426	f34	1
1427	f03	1
1428	f68	1
1429	f02	1
1430	f67	1
1431	f32	1
1432	ee5	1
1433	eb3	1
1434	f47	1
1435	f57	1
1436	ed0	1
1437	f24	1
1438	f74	1
1439	f61	1
1440	f50	1
1441	eb0	1
1442	f30	1
1443	f2c	1
1444	ed9	1
1445	f6a	1
1446	ec2	1
1447	fbc	1
1448	f39	1
1449	ef8	1
1450	ee8	1
1451	ede	1
1452	f33	1
1453	f41	1
1454	f86	1
1455	ebc	1
1456	ee9	1
1457	f15	1
1458	fb7	1
1459	f8a	1
1460	f56	1
1461	eb9	1
1462	fba	1
1463	f73	1
1464	f07	1
1465	eb7	1
1466	f31	1
1467	f10	1
1468	f21	1
1469	ece	1
1470	f08	1
1471	f5c	1
1472	f98	1
1473	f1f	1
1474	f62	1
1475	f2a	1
1476	f51	1
1477	f77	1
1478	f79	1
1479	f7c	1
1480	f71	1
1481	f81	1
1482	f99	1
1483	f3d	1
1484	fbb	1
1485	ecf	1
1486	eab	1
1487	f8b	1
1488	f60	1
1489	eee	1
1490	ef9	1
1491	f1a	1
1492	ef7	1
1493	eb8	1
1494	f80	1
1495	f54	1
1496	f9c	1
1497	f4a	1
1498	aa17000721c09aafc366000000	1
1499	f49	1
1500	aa1700072090000101800000cc	1
1501	f4d	1
1502	f90	1
1503	f75	1
1504	ee2	1
1505	f0c	1
1506	f82	1
1507	ecb	1
1508	eaf	1
1509	f13	1
1510	f16	1
1511	edc	1
1512	edf	1
1513	f85	1
1514	ee0	1
1515	fb6	1
1516	eae	1
1517	f76	1
1518	f91	1
1519	f04	1
1520	eef	1
1521	ebf	1
1522	f95	1
1523	f2b	1
1524	ed3	1
1525	f7d	1
1526	f87	1
1527	eea	1
1528	f6e	1
1529	ed1	1
1530	f8c	1
1531	ed4	1
1532	f78	1
1533	fa2	1
1534	ee1	1
1535	f8d	1
1536	usable	1
1537	bd	1
1538	aa1702000001ffff2a01000000	1
1539	aa1702000001ffffe802000000	1
1540	bf	1
1541	c8	1
1542	c6	1
1543	installed	1
1544	0010af001224	1
1545	000000001401	1
1546	000022004611	1
1547	0202c0a80079	1
1548	0602c0a8010a	1
1549	1403c0a8010a	1
1550	003949f35f00	1
1551	00fd6cf35f00	1
1552	000583f35f00	1
1553	00e86af35f00	1
1554	004b8bf35f00	1
1555	00486ff35f00	1
1556	005272f35f00	1
1557	002e92f35f00	1
1558	00554af35f00	1
1559	00908df35f00	1
1560	ps4	1
1561	0xc2	1
1562	133	1
1563	bios_post_status	1
1564	960	1
1565	1536	1
1566	576	1
1567	1152	1
1568	1056	1
1569	288	1
1570	672	1
1571	1248	1
1572	dts	1
1573	nvme1_temp	1
1574	0xc4	1
1575	0x28	1
1576	ntp	1
1577	200002610200	1
1578	ec	1
1579	26017f681609ff7fff7fff7fc0	1
1580	dimm_status	1
1581	disk12	1
1582	disk13	1
1583	dimm141_status	1
1584	dimm051_status	1
1585	dimm131_status	1
1586	nic14	1
1587	dimm011_status	1
1588	disk19	1
1589	riser3	1
1590	disk17	1
1591	dimm021_status	1
1592	disk18	1
1593	dimm040_status	1
1594	disk15	1
1595	dimm121_status	1
1596	disk16	1
1597	dimm041_status	1
1598	dimm061_status	1
1599	disk14	1
1600	dimm161_status	1
1601	nic12	1
1602	dimm111_status	1
1603	dimm151_status	1
1604	dimm071_status	1
1605	nic11	1
1606	dimm031_status	1
1607	nic13	1
1608	dimm171_status	1
1609	9120	1
1610	dimm1b	1
1611	memory_hot	1
1612	00fc92f15f00	1
